1	06 March 2026	959737	¥120,000,000
2	05 March 2026	351545	¥120,000,000
3	04 March 2026	249001	¥120,000,000
4	03 March 2026	495295	¥120,000,000
5	02 March 2026	651659	¥120,000,000
6	01 March 2026	633214	¥120,000,000
7	28 February 2026	162073	¥120,000,000
8	27 February 2026	774526	¥120,000,000
9	26 February 2026	133643	¥120,000,000
10	25 February 2026	409795	¥120,000,000
11	24 February 2026	833187	¥120,000,000
12	23 February 2026	970955	¥120,000,000
13	22 February 2026	336076	¥120,000,000
14	21 February 2026	602682	¥120,000,000
15	20 February 2026	170137	¥120,000,000
16	19 February 2026	364901	¥120,000,000
17	18 February 2026	675134	¥120,000,000
18	17 February 2026	732859	¥120,000,000
19	16 February 2026	275660	¥120,000,000
20	15 February 2026	409187	¥120,000,000
21	14 February 2026	798677	¥120,000,000
22	13 February 2026	810718	¥120,000,000
23	12 February 2026	746952	¥120,000,000
24	11 February 2026	684143	¥120,000,000
25	10 February 2026	325553	¥120,000,000
26	09 February 2026	966825	¥120,000,000
27	08 February 2026	482095	¥120,000,000
28	07 February 2026	225470	¥120,000,000
29	06 February 2026	170588	¥120,000,000
30	05 February 2026	510073	¥120,000,000
31	04 February 2026	578246	¥120,000,000
32	03 February 2026	152409	¥120,000,000
33	02 February 2026	404839	¥120,000,000
34	01 February 2026	078162	¥120,000,000
35	31 January 2026	565495	¥120,000,000
36	30 January 2026	308142	¥120,000,000
37	29 January 2026	251330	¥120,000,000
38	28 January 2026	235044	¥120,000,000
39	27 January 2026	946231	¥120,000,000
40	26 January 2026	463148	¥120,000,000
41	25 January 2026	192263	¥120,000,000
42	24 January 2026	523744	¥120,000,000
43	23 January 2026	246060	¥120,000,000
44	22 January 2026	895262	¥120,000,000
45	21 January 2026	878619	¥120,000,000
46	20 January 2026	681695	¥120,000,000
47	19 January 2026	993543	¥120,000,000
48	18 January 2026	402086	¥120,000,000
49	17 January 2026	158814	¥120,000,000
50	16 January 2026	552998	¥120,000,000
51	15 January 2026	179284	¥120,000,000
52	14 January 2026	335490	¥120,000,000
53	13 January 2026	921503	¥120,000,000
54	12 January 2026	391667	¥120,000,000
55	11 January 2026	742032	¥120,000,000
56	10 January 2026	160453	¥120,000,000
57	09 January 2026	202078	¥120,000,000
58	08 January 2026	257435	¥120,000,000
59	07 January 2026	490199	¥120,000,000
60	06 January 2026	734815	¥120,000,000
61	05 January 2026	190384	¥120,000,000
62	04 January 2026	682963	¥120,000,000
63	03 January 2026	471005	¥120,000,000
64	02 January 2026	302597	¥120,000,000
65	01 January 2026	815030	¥120,000,000
66	31 December 2025	553019	¥120,000,000
67	30 December 2025	978401	¥120,000,000
68	29 December 2025	227905	¥120,000,000
69	28 December 2025	384059	¥120,000,000
70	27 December 2025	276831	¥120,000,000
71	26 December 2025	732496	¥120,000,000
72	25 December 2025	627885	¥120,000,000
73	24 December 2025	905103	¥120,000,000
74	23 December 2025	736086	¥120,000,000
75	22 December 2025	108250	¥120,000,000
76	21 December 2025	135727	¥120,000,000
77	20 December 2025	344964	¥120,000,000
78	19 December 2025	095612	¥120,000,000
79	18 December 2025	841696	¥120,000,000
80	17 December 2025	178673	¥120,000,000
81	16 December 2025	949864	¥120,000,000
82	15 December 2025	329328	¥120,000,000
83	14 December 2025	167497	¥120,000,000
84	13 December 2025	801840	¥120,000,000
85	12 December 2025	356080	¥120,000,000
86	11 December 2025	173092	¥120,000,000
87	10 December 2025	436026	¥120,000,000
88	09 December 2025	851109	¥120,000,000
89	08 December 2025	326545	¥120,000,000
90	07 December 2025	761348	¥120,000,000
91	06 December 2025	418736	¥120,000,000
92	05 December 2025	502517	¥120,000,000
93	04 December 2025	209862	¥120,000,000
94	03 December 2025	932352	¥120,000,000
95	02 December 2025	498791	¥120,000,000
96	01 December 2025	763827	¥120,000,000
97	30 November 2025	416701	¥120,000,000
98	29 November 2025	819477	¥120,000,000
99	28 November 2025	654993	¥120,000,000
100	27 November 2025	149295	¥120,000,000
101	26 November 2025	823847	¥120,000,000
102	25 November 2025	707281	¥120,000,000
103	24 November 2025	082592	¥120,000,000
104	23 November 2025	534469	¥120,000,000
105	22 November 2025	273129	¥120,000,000
106	21 November 2025	141258	¥120,000,000
107	20 November 2025	168699	¥120,000,000
108	19 November 2025	950187	¥120,000,000
109	18 November 2025	879950	¥120,000,000
110	17 November 2025	214508	¥120,000,000
111	16 November 2025	559141	¥120,000,000
112	15 November 2025	237395	¥120,000,000
113	14 November 2025	104733	¥120,000,000
114	13 November 2025	588531	¥120,000,000
115	12 November 2025	420989	¥120,000,000
116	11 November 2025	917317	¥120,000,000
117	10 November 2025	291389	¥120,000,000
118	09 November 2025	067447	¥120,000,000
119	08 November 2025	682591	¥120,000,000
120	07 November 2025	593253	¥120,000,000
121	06 November 2025	335782	¥120,000,000
122	05 November 2025	208399	¥120,000,000
123	04 November 2025	713167	¥120,000,000
124	03 November 2025	450390	¥120,000,000
125	02 November 2025	811460	¥120,000,000
126	01 November 2025	749415	¥120,000,000
127	31 October 2025	533191	¥120,000,000
128	30 October 2025	627213	¥120,000,000
129	29 October 2025	673952	¥120,000,000
130	28 October 2025	829041	¥120,000,000
131	27 October 2025	593497	¥120,000,000
132	26 October 2025	397108	¥120,000,000
133	25 October 2025	128006	¥120,000,000
134	24 October 2025	309044	¥120,000,000
135	23 October 2025	419279	¥120,000,000
136	22 October 2025	264587	¥120,000,000
137	21 October 2025	016858	¥120,000,000
138	20 October 2025	452609	¥120,000,000
139	19 October 2025	288157	¥120,000,000
140	18 October 2025	940360	¥120,000,000
141	17 October 2025	756904	¥120,000,000
142	16 October 2025	363072	¥120,000,000
143	15 October 2025	501594	¥120,000,000
144	14 October 2025	332255	¥120,000,000
145	13 October 2025	492210	¥120,000,000
146	12 October 2025	123617	¥120,000,000
147	11 October 2025	996740	¥120,000,000
148	10 October 2025	215098	¥120,000,000
149	09 October 2025	098849	¥120,000,000
150	08 October 2025	840925	¥120,000,000
151	07 October 2025	134856	¥120,000,000
152	06 October 2025	359121	¥120,000,000
153	05 October 2025	269082	¥120,000,000
154	04 October 2025	401998	¥120,000,000
155	03 October 2025	126635	¥120,000,000
156	02 October 2025	733045	¥120,000,000
157	01 October 2025	602257	¥120,000,000
158	30 September 2025	289813	¥120,000,000
159	29 September 2025	716948	¥120,000,000
160	28 September 2025	521173	¥120,000,000
161	27 September 2025	632594	¥120,000,000
162	26 September 2025	973823	¥120,000,000
163	25 September 2025	612644	¥120,000,000
164	24 September 2025	578918	¥120,000,000
165	23 September 2025	023359	¥120,000,000
166	22 September 2025	503637	¥120,000,000
167	21 September 2025	234740	¥120,000,000
168	20 September 2025	500175	¥120,000,000
169	19 September 2025	153456	¥120,000,000
170	18 September 2025	365250	¥120,000,000
171	17 September 2025	946787	¥120,000,000
172	16 September 2025	108134	¥120,000,000
173	15 September 2025	358628	¥120,000,000
174	14 September 2025	895506	¥120,000,000
175	13 September 2025	417960	¥120,000,000
176	12 September 2025	986783	¥120,000,000
177	11 September 2025	905603	¥120,000,000
178	10 September 2025	267249	¥120,000,000
179	09 September 2025	160986	¥120,000,000
180	08 September 2025	039575	¥120,000,000
181	07 September 2025	670414	¥120,000,000
182	06 September 2025	741000	¥120,000,000
183	05 September 2025	259301	¥120,000,000
184	04 September 2025	526194	¥120,000,000
185	03 September 2025	961285	¥120,000,000
186	02 September 2025	391566	¥120,000,000
187	01 September 2025	411723	¥120,000,000
188	31 August 2025	889515	¥120,000,000
189	30 August 2025	927106	¥120,000,000
190	29 August 2025	016946	¥120,000,000
191	28 August 2025	984263	¥120,000,000
192	27 August 2025	699167	¥120,000,000
193	26 August 2025	357934	¥120,000,000
194	25 August 2025	632171	¥120,000,000
195	24 August 2025	250108	¥120,000,000
196	23 August 2025	725990	¥120,000,000
197	22 August 2025	494525	¥120,000,000
198	21 August 2025	207586	¥120,000,000
199	20 August 2025	180271	¥120,000,000
200	19 August 2025	347972	¥120,000,000
201	18 August 2025	951605	¥120,000,000
202	17 August 2025	048997	¥120,000,000
203	16 August 2025	218446	¥120,000,000
204	15 August 2025	803119	¥120,000,000
205	14 August 2025	563096	¥120,000,000
206	13 August 2025	578743	¥120,000,000
207	12 August 2025	340982	¥120,000,000
208	11 August 2025	952033	¥120,000,000
209	10 August 2025	807122	¥120,000,000
210	09 August 2025	989734	¥120,000,000
211	08 August 2025	635925	¥120,000,000
212	07 August 2025	150463	¥120,000,000
213	06 August 2025	413270	¥120,000,000
214	05 August 2025	902821	¥120,000,000
215	04 August 2025	095238	¥120,000,000
216	03 August 2025	185792	¥120,000,000
217	02 August 2025	802154	¥120,000,000
218	01 August 2025	148187	¥120,000,000
219	31 July 2025	779236	¥120,000,000
220	30 July 2025	180602	¥120,000,000
221	29 July 2025	317124	¥120,000,000
222	28 July 2025	468875	¥120,000,000
223	27 July 2025	651474	¥120,000,000
224	26 July 2025	703883	¥120,000,000
225	25 July 2025	656285	¥120,000,000
226	24 July 2025	834166	¥120,000,000
227	23 July 2025	107357	¥120,000,000
228	22 July 2025	721792	¥120,000,000
229	21 July 2025	246886	¥120,000,000
230	20 July 2025	958125	¥120,000,000
231	19 July 2025	618534	¥120,000,000
232	18 July 2025	325195	¥120,000,000
233	17 July 2025	567341	¥120,000,000
234	16 July 2025	734886	¥120,000,000
235	15 July 2025	286966	¥120,000,000
236	14 July 2025	541520	¥120,000,000
237	13 July 2025	938515	¥120,000,000
238	12 July 2025	087097	¥120,000,000
239	11 July 2025	477969	¥120,000,000
240	10 July 2025	502588	¥120,000,000
241	09 July 2025	240749	¥120,000,000
242	08 July 2025	331451	¥120,000,000
243	07 July 2025	542583	¥120,000,000
244	06 July 2025	892290	¥120,000,000
245	05 July 2025	513619	¥120,000,000
246	04 July 2025	644701	¥120,000,000
247	03 July 2025	606874	¥120,000,000
248	02 July 2025	120396	¥120,000,000
249	01 July 2025	524125	¥120,000,000
250	30 June 2025	767345	¥120,000,000
251	29 June 2025	086420	¥120,000,000
252	28 June 2025	636451	¥120,000,000
253	27 June 2025	905101	¥120,000,000
254	26 June 2025	290342	¥120,000,000
255	25 June 2025	907526	¥120,000,000
256	24 June 2025	585380	¥120,000,000
257	23 June 2025	811723	¥120,000,000
258	22 June 2025	638457	¥120,000,000
259	21 June 2025	214986	¥120,000,000
260	20 June 2025	351012	¥120,000,000
261	19 June 2025	227004	¥120,000,000
262	18 June 2025	073946	¥120,000,000
263	17 June 2025	910609	¥120,000,000
264	16 June 2025	124318	¥120,000,000
265	15 June 2025	210677	¥120,000,000
266	14 June 2025	545266	¥120,000,000
267	13 June 2025	618968	¥120,000,000
268	12 June 2025	507102	¥120,000,000
269	11 June 2025	564647	¥120,000,000
270	10 June 2025	043412	¥120,000,000
271	09 June 2025	413391	¥120,000,000
272	08 June 2025	747861	¥120,000,000
273	07 June 2025	533653	¥120,000,000
274	06 June 2025	186680	¥120,000,000
275	05 June 2025	506741	¥120,000,000
276	04 June 2025	491048	¥120,000,000
277	03 June 2025	347099	¥120,000,000
278	02 June 2025	105806	¥120,000,000
279	01 June 2025	756746	¥120,000,000
280	31 May 2025	013809	¥120,000,000
281	30 May 2025	189523	¥120,000,000
282	29 May 2025	039037	¥120,000,000
283	28 May 2025	955520	¥120,000,000
284	27 May 2025	826049	¥120,000,000
285	26 May 2025	277388	¥120,000,000
286	25 May 2025	904757	¥120,000,000
287	24 May 2025	691908	¥120,000,000
288	23 May 2025	436173	¥120,000,000
289	22 May 2025	654175	¥120,000,000
290	21 May 2025	035367	¥120,000,000
291	20 May 2025	112035	¥120,000,000
292	19 May 2025	261698	¥120,000,000
293	18 May 2025	935074	¥120,000,000
294	17 May 2025	523868	¥120,000,000
295	16 May 2025	651608	¥120,000,000
296	15 May 2025	309761	¥120,000,000
297	14 May 2025	645053	¥120,000,000
298	13 May 2025	839615	¥120,000,000
299	12 May 2025	417375	¥120,000,000
300	11 May 2025	775820	¥120,000,000
301	10 May 2025	817332	¥120,000,000
302	09 May 2025	145491	¥120,000,000
303	08 May 2025	983354	¥120,000,000
304	07 May 2025	372724	¥120,000,000
305	06 May 2025	020776	¥120,000,000
306	05 May 2025	292273	¥120,000,000
307	04 May 2025	124538	¥120,000,000
308	03 May 2025	679519	¥120,000,000
309	02 May 2025	043026	¥120,000,000
310	01 May 2025	250408	¥120,000,000
311	30 April 2025	609891	¥120,000,000
312	29 April 2025	312032	¥120,000,000
313	28 April 2025	468204	¥120,000,000
314	27 April 2025	899491	¥120,000,000
315	26 April 2025	908794	¥120,000,000
316	25 April 2025	025886	¥120,000,000
317	24 April 2025	289674	¥120,000,000
318	23 April 2025	441337	¥120,000,000
319	22 April 2025	759272	¥120,000,000
320	21 April 2025	987380	¥120,000,000
321	20 April 2025	323944	¥120,000,000
322	19 April 2025	752439	¥120,000,000
323	18 April 2025	946463	¥120,000,000
324	17 April 2025	164156	¥120,000,000
325	16 April 2025	192528	¥120,000,000
326	15 April 2025	037183	¥120,000,000
327	14 April 2025	376946	¥120,000,000
328	13 April 2025	602379	¥120,000,000
329	12 April 2025	581097	¥120,000,000
330	11 April 2025	162940	¥120,000,000
331	10 April 2025	947584	¥120,000,000
332	09 April 2025	829731	¥120,000,000
333	08 April 2025	317372	¥120,000,000
334	07 April 2025	580387	¥120,000,000
335	06 April 2025	715294	¥120,000,000
336	05 April 2025	257988	¥120,000,000
337	04 April 2025	047845	¥120,000,000
338	03 April 2025	482460	¥120,000,000
339	02 April 2025	778584	¥120,000,000
340	01 April 2025	049890	¥120,000,000
341	31 March 2025	645104	¥120,000,000
342	30 March 2025	175796	¥120,000,000
343	29 March 2025	624947	¥120,000,000
344	28 March 2025	286131	¥120,000,000
345	27 March 2025	761420	¥120,000,000
346	26 March 2025	986369	¥120,000,000
347	25 March 2025	723200	¥120,000,000
348	24 March 2025	238478	¥120,000,000
349	23 March 2025	495626	¥120,000,000
350	22 March 2025	364492	¥120,000,000
351	21 March 2025	912519	¥120,000,000
352	20 March 2025	158769	¥120,000,000
353	19 March 2025	510895	¥120,000,000
354	18 March 2025	388536	¥120,000,000
355	17 March 2025	503301	¥120,000,000
356	16 March 2025	793590	¥120,000,000
357	15 March 2025	658911	¥120,000,000
358	14 March 2025	341584	¥120,000,000
359	13 March 2025	026136	¥120,000,000
360	12 March 2025	689034	¥120,000,000
361	11 March 2025	263285	¥120,000,000
362	10 March 2025	320650	¥120,000,000
363	09 March 2025	445982	¥120,000,000
364	08 March 2025	172956	¥120,000,000
365	07 March 2025	235631	¥120,000,000
366	06 March 2025	507879	¥120,000,000
367	05 March 2025	460057	¥120,000,000
368	04 March 2025	906143	¥120,000,000
369	03 March 2025	083727	¥120,000,000
370	02 March 2025	413248	¥120,000,000
371	01 March 2025	542619	¥120,000,000
372	28 February 2025	196700	¥120,000,000
373	27 February 2025	833296	¥120,000,000
374	26 February 2025	395272	¥120,000,000
375	25 February 2025	263835	¥120,000,000
376	24 February 2025	392706	¥120,000,000
377	23 February 2025	424562	¥120,000,000
378	22 February 2025	793046	¥120,000,000
379	21 February 2025	108206	¥120,000,000
380	20 February 2025	820102	¥120,000,000
381	19 February 2025	052436	¥120,000,000
382	18 February 2025	949143	¥120,000,000
383	17 February 2025	517658	¥120,000,000
384	16 February 2025	653798	¥120,000,000
385	15 February 2025	482991	¥120,000,000
386	14 February 2025	361424	¥120,000,000
387	13 February 2025	834250	¥120,000,000
388	12 February 2025	938919	¥120,000,000
389	11 February 2025	708507	¥120,000,000
390	10 February 2025	123054	¥120,000,000
391	09 February 2025	804078	¥120,000,000
392	08 February 2025	643703	¥120,000,000
393	07 February 2025	693548	¥120,000,000
394	06 February 2025	285079	¥120,000,000
395	05 February 2025	483361	¥120,000,000
396	04 February 2025	945208	¥120,000,000
397	03 February 2025	701527	¥120,000,000
398	02 February 2025	699294	¥120,000,000
399	01 February 2025	307956	¥120,000,000
400	31 January 2025	260269	¥120,000,000
401	30 January 2025	045466	¥120,000,000
402	29 January 2025	376576	¥120,000,000
403	28 January 2025	204018	¥120,000,000
404	27 January 2025	280788	¥120,000,000
405	26 January 2025	177271	¥120,000,000
406	25 January 2025	258005	¥120,000,000
407	24 January 2025	495751	¥120,000,000
408	23 January 2025	178245	¥120,000,000
409	22 January 2025	039766	¥120,000,000
410	21 January 2025	711731	¥120,000,000
411	20 January 2025	896723	¥120,000,000
412	19 January 2025	570296	¥120,000,000
413	18 January 2025	192207	¥120,000,000
414	17 January 2025	591373	¥120,000,000
415	16 January 2025	853824	¥120,000,000
416	15 January 2025	620557	¥120,000,000
417	14 January 2025	208384	¥120,000,000
418	13 January 2025	166803	¥120,000,000
419	12 January 2025	671551	¥120,000,000
420	11 January 2025	330937	¥120,000,000
421	10 January 2025	412693	¥120,000,000
422	09 January 2025	781905	¥120,000,000
423	08 January 2025	091032	¥120,000,000
424	07 January 2025	983304	¥120,000,000
425	06 January 2025	560578	¥120,000,000
426	05 January 2025	133645	¥120,000,000
427	04 January 2025	546243	¥120,000,000
428	03 January 2025	805750	¥120,000,000
429	02 January 2025	121670	¥120,000,000
430	01 January 2025	294112	¥120,000,000
431	31 December 2024	389877	¥120,000,000
432	30 December 2024	869250	¥120,000,000
433	29 December 2024	250407	¥120,000,000
434	28 December 2024	303210	¥120,000,000
435	27 December 2024	815395	¥120,000,000
436	26 December 2024	269709	¥120,000,000
437	25 December 2024	891678	¥120,000,000
438	24 December 2024	315752	¥120,000,000
439	23 December 2024	591055	¥120,000,000
440	22 December 2024	852818	¥120,000,000
441	21 December 2024	478312	¥120,000,000
442	20 December 2024	946173	¥120,000,000
443	19 December 2024	096217	¥120,000,000
444	18 December 2024	453508	¥120,000,000
445	17 December 2024	625126	¥120,000,000
446	16 December 2024	639342	¥120,000,000
447	15 December 2024	504836	¥120,000,000
448	14 December 2024	569776	¥120,000,000
449	13 December 2024	309882	¥120,000,000
450	12 December 2024	687480	¥120,000,000
451	11 December 2024	295269	¥120,000,000
452	10 December 2024	520431	¥120,000,000
453	09 December 2024	306167	¥120,000,000
454	08 December 2024	718021	¥120,000,000
455	07 December 2024	869372	¥120,000,000
456	06 December 2024	397726	¥120,000,000
457	05 December 2024	400603	¥120,000,000
458	04 December 2024	257888	¥120,000,000
459	03 December 2024	712710	¥120,000,000
460	02 December 2024	659031	¥120,000,000
461	01 December 2024	434923	¥120,000,000
462	30 November 2024	604812	¥120,000,000
463	29 November 2024	749768	¥120,000,000
464	28 November 2024	196802	¥120,000,000
465	27 November 2024	572522	¥120,000,000
466	26 November 2024	532819	¥120,000,000
467	25 November 2024	279845	¥120,000,000
468	24 November 2024	416169	¥120,000,000
469	23 November 2024	368442	¥120,000,000
470	22 November 2024	045118	¥120,000,000
471	21 November 2024	215802	¥120,000,000
472	20 November 2024	720893	¥120,000,000
473	19 November 2024	463029	¥120,000,000
474	18 November 2024	976252	¥120,000,000
475	17 November 2024	861834	¥120,000,000
476	16 November 2024	783026	¥120,000,000
477	15 November 2024	611429	¥120,000,000
478	14 November 2024	638483	¥120,000,000
479	13 November 2024	798330	¥120,000,000
480	12 November 2024	122685	¥120,000,000
481	11 November 2024	182206	¥120,000,000
482	10 November 2024	945301	¥120,000,000
483	09 November 2024	603724	¥120,000,000
484	08 November 2024	500658	¥120,000,000
485	07 November 2024	387584	¥120,000,000
486	06 November 2024	210976	¥120,000,000
487	05 November 2024	357129	¥120,000,000
488	04 November 2024	828672	¥120,000,000
489	03 November 2024	457039	¥120,000,000
490	02 November 2024	862934	¥120,000,000
491	01 November 2024	739872	¥120,000,000
492	31 October 2024	013602	¥120,000,000
493	30 October 2024	721808	¥120,000,000
494	29 October 2024	816380	¥120,000,000
495	28 October 2024	182101	¥120,000,000
496	27 October 2024	294090	¥120,000,000
497	26 October 2024	520744	¥120,000,000
498	25 October 2024	846008	¥120,000,000
499	24 October 2024	669857	¥120,000,000
500	23 October 2024	502648	¥120,000,000
501	22 October 2024	450605	¥120,000,000
502	21 October 2024	732754	¥120,000,000
503	20 October 2024	591473	¥120,000,000
504	19 October 2024	110788	¥120,000,000
505	18 October 2024	714150	¥120,000,000
506	17 October 2024	870745	¥120,000,000
507	16 October 2024	424009	¥120,000,000
508	15 October 2024	397405	¥120,000,000
509	14 October 2024	032977	¥120,000,000
510	13 October 2024	793506	¥120,000,000
511	12 October 2024	761945	¥120,000,000
512	11 October 2024	580637	¥120,000,000
513	10 October 2024	914953	¥120,000,000
514	09 October 2024	300668	¥120,000,000
515	08 October 2024	562951	¥120,000,000
516	07 October 2024	909142	¥120,000,000
517	06 October 2024	891561	¥120,000,000
518	05 October 2024	151972	¥120,000,000
519	04 October 2024	958455	¥120,000,000
520	03 October 2024	345728	¥120,000,000
521	02 October 2024	291232	¥120,000,000
522	01 October 2024	220357	¥120,000,000
523	30 September 2024	939794	¥120,000,000
524	29 September 2024	095835	¥120,000,000
525	28 September 2024	547904	¥120,000,000
526	27 September 2024	250913	¥120,000,000
527	26 September 2024	758490	¥120,000,000
528	25 September 2024	029239	¥120,000,000
529	24 September 2024	018075	¥120,000,000
530	23 September 2024	136307	¥120,000,000
531	22 September 2024	656695	¥120,000,000
532	21 September 2024	491013	¥120,000,000
533	20 September 2024	258451	¥120,000,000
534	19 September 2024	797597	¥120,000,000
535	18 September 2024	202499	¥120,000,000
536	17 September 2024	848583	¥120,000,000
537	16 September 2024	777085	¥120,000,000
538	15 September 2024	431686	¥120,000,000
539	14 September 2024	145352	¥120,000,000
540	13 September 2024	338410	¥120,000,000
541	12 September 2024	344589	¥120,000,000
542	11 September 2024	068910	¥120,000,000
543	10 September 2024	621287	¥120,000,000
544	09 September 2024	581930	¥120,000,000
545	08 September 2024	208321	¥120,000,000
546	07 September 2024	643055	¥120,000,000
547	06 September 2024	930524	¥120,000,000
548	05 September 2024	554346	¥120,000,000
549	04 September 2024	015983	¥120,000,000
550	03 September 2024	523166	¥120,000,000
551	02 September 2024	436582	¥120,000,000
552	01 September 2024	262479	¥120,000,000
553	31 August 2024	716291	¥120,000,000
554	30 August 2024	389880	¥120,000,000
555	29 August 2024	939937	¥120,000,000
556	28 August 2024	551224	¥120,000,000
557	27 August 2024	045348	¥120,000,000
558	26 August 2024	265903	¥120,000,000
559	25 August 2024	498851	¥120,000,000
560	24 August 2024	564080	¥120,000,000
561	23 August 2024	762856	¥120,000,000
562	22 August 2024	126702	¥120,000,000
563	21 August 2024	147388	¥120,000,000
564	20 August 2024	675474	¥120,000,000
565	19 August 2024	899616	¥120,000,000
566	18 August 2024	619427	¥120,000,000
567	17 August 2024	091807	¥120,000,000
568	16 August 2024	605326	¥120,000,000
569	15 August 2024	682120	¥120,000,000
570	14 August 2024	703550	¥120,000,000
571	13 August 2024	602239	¥120,000,000
572	12 August 2024	933927	¥120,000,000
573	11 August 2024	114420	¥120,000,000
574	10 August 2024	607001	¥120,000,000
575	09 August 2024	341736	¥120,000,000
576	08 August 2024	535181	¥120,000,000
577	07 August 2024	263814	¥120,000,000
578	06 August 2024	548035	¥120,000,000
579	05 August 2024	772616	¥120,000,000
580	04 August 2024	795704	¥120,000,000
581	03 August 2024	392085	¥120,000,000
582	02 August 2024	963018	¥120,000,000
583	01 August 2024	864564	¥120,000,000
584	31 July 2024	529866	¥120,000,000
585	30 July 2024	325697	¥120,000,000
586	29 July 2024	515104	¥120,000,000
587	28 July 2024	182060	¥120,000,000
588	27 July 2024	054132	¥120,000,000
589	26 July 2024	049105	¥120,000,000
590	25 July 2024	018393	¥120,000,000
591	24 July 2024	519710	¥120,000,000
592	23 July 2024	812362	¥120,000,000
593	22 July 2024	064163	¥120,000,000
594	21 July 2024	928379	¥120,000,000
595	20 July 2024	538290	¥120,000,000
596	19 July 2024	636998	¥120,000,000
597	18 July 2024	141556	¥120,000,000
598	17 July 2024	814047	¥120,000,000
599	16 July 2024	657198	¥120,000,000
600	15 July 2024	512904	¥120,000,000
601	14 July 2024	155120	¥120,000,000
602	13 July 2024	111760	¥120,000,000
603	12 July 2024	487082	¥120,000,000
604	11 July 2024	074405	¥120,000,000
605	10 July 2024	733245	¥120,000,000
606	09 July 2024	766114	¥120,000,000
607	08 July 2024	740549	¥120,000,000
608	07 July 2024	226935	¥120,000,000
609	06 July 2024	915106	¥120,000,000
610	05 July 2024	934559	¥120,000,000
611	04 July 2024	919601	¥120,000,000
612	03 July 2024	351213	¥120,000,000
613	02 July 2024	607841	¥120,000,000
614	01 July 2024	229889	¥120,000,000
615	30 June 2024	464560	¥120,000,000
616	29 June 2024	585105	¥120,000,000
617	28 June 2024	137298	¥120,000,000
618	27 June 2024	195567	¥120,000,000
619	26 June 2024	789413	¥120,000,000
620	25 June 2024	816909	¥120,000,000
621	24 June 2024	953291	¥120,000,000
622	23 June 2024	961963	¥120,000,000
623	22 June 2024	340592	¥120,000,000
624	21 June 2024	263818	¥120,000,000
625	20 June 2024	925082	¥120,000,000
626	19 June 2024	353043	¥120,000,000
627	18 June 2024	242187	¥120,000,000
628	17 June 2024	395768	¥120,000,000
629	16 June 2024	208945	¥120,000,000
630	15 June 2024	832406	¥120,000,000
631	14 June 2024	083627	¥120,000,000
632	13 June 2024	147142	¥120,000,000
633	12 June 2024	471870	¥120,000,000
634	11 June 2024	836874	¥120,000,000
635	10 June 2024	613906	¥120,000,000
636	09 June 2024	529216	¥120,000,000
637	08 June 2024	399671	¥120,000,000
638	07 June 2024	301129	¥120,000,000
639	06 June 2024	796345	¥120,000,000
640	05 June 2024	252569	¥120,000,000
641	04 June 2024	164973	¥120,000,000
642	03 June 2024	927012	¥120,000,000
643	02 June 2024	019153	¥120,000,000
644	01 June 2024	753420	¥120,000,000
645	31 May 2024	192456	¥120,000,000
646	30 May 2024	465782	¥120,000,000
647	29 May 2024	882343	¥120,000,000
648	28 May 2024	318701	¥120,000,000
649	27 May 2024	484565	¥120,000,000
650	26 May 2024	640271	¥120,000,000
651	25 May 2024	078257	¥120,000,000
652	24 May 2024	458670	¥120,000,000
653	23 May 2024	560905	¥120,000,000
654	22 May 2024	420897	¥120,000,000
655	21 May 2024	758505	¥120,000,000
656	20 May 2024	149462	¥120,000,000
657	19 May 2024	317956	¥120,000,000
658	18 May 2024	804038	¥120,000,000
659	17 May 2024	944160	¥120,000,000
660	16 May 2024	069643	¥120,000,000
661	15 May 2024	359185	¥120,000,000
662	14 May 2024	056478	¥120,000,000
663	13 May 2024	561617	¥120,000,000
664	12 May 2024	882636	¥120,000,000
665	11 May 2024	603175	¥120,000,000
666	10 May 2024	597167	¥120,000,000
667	09 May 2024	882706	¥120,000,000
668	08 May 2024	231417	¥120,000,000
669	07 May 2024	570251	¥120,000,000
670	06 May 2024	647903	¥120,000,000
671	05 May 2024	208713	¥120,000,000
672	04 May 2024	856362	¥120,000,000
673	03 May 2024	930430	¥120,000,000
674	02 May 2024	635529	¥120,000,000
675	01 May 2024	141438	¥120,000,000
676	30 April 2024	122091	¥120,000,000
677	29 April 2024	485518	¥120,000,000
678	28 April 2024	464352	¥120,000,000
679	27 April 2024	509047	¥120,000,000
680	26 April 2024	860277	¥120,000,000
681	25 April 2024	674151	¥120,000,000
682	24 April 2024	178786	¥120,000,000
683	23 April 2024	411921	¥120,000,000
684	22 April 2024	281484	¥120,000,000
685	21 April 2024	976813	¥120,000,000
686	20 April 2024	390125	¥120,000,000
687	19 April 2024	793223	¥120,000,000
688	18 April 2024	708011	¥120,000,000
689	17 April 2024	377854	¥120,000,000
690	16 April 2024	782504	¥120,000,000
691	15 April 2024	017690	¥120,000,000
692	14 April 2024	676058	¥120,000,000
693	13 April 2024	839633	¥120,000,000
694	12 April 2024	937620	¥120,000,000
695	11 April 2024	831167	¥120,000,000
696	10 April 2024	696982	¥120,000,000
697	09 April 2024	465717	¥120,000,000
698	08 April 2024	482374	¥120,000,000
699	07 April 2024	458878	¥120,000,000
700	06 April 2024	336358	¥120,000,000
701	05 April 2024	374330	¥120,000,000
702	04 April 2024	834141	¥120,000,000
703	03 April 2024	107395	¥120,000,000
704	02 April 2024	116831	¥120,000,000
705	01 April 2024	913097	¥120,000,000
706	31 March 2024	202227	¥120,000,000
707	30 March 2024	781290	¥120,000,000
708	29 March 2024	509844	¥120,000,000
709	28 March 2024	696085	¥120,000,000
710	27 March 2024	578689	¥120,000,000
711	26 March 2024	892866	¥120,000,000
712	25 March 2024	177916	¥120,000,000
713	24 March 2024	303329	¥120,000,000
714	23 March 2024	988057	¥120,000,000
715	22 March 2024	260308	¥120,000,000
716	21 March 2024	209977	¥120,000,000
717	20 March 2024	350730	¥120,000,000
718	19 March 2024	151033	¥120,000,000
719	18 March 2024	696476	¥120,000,000
720	17 March 2024	643500	¥120,000,000
721	16 March 2024	709534	¥120,000,000
722	15 March 2024	436353	¥120,000,000
723	14 March 2024	461409	¥120,000,000
724	13 March 2024	722086	¥120,000,000
725	12 March 2024	298129	¥120,000,000
726	11 March 2024	096832	¥120,000,000
727	10 March 2024	387299	¥120,000,000
728	09 March 2024	235408	¥120,000,000
729	08 March 2024	025164	¥120,000,000
730	07 March 2024	253369	¥120,000,000
731	06 March 2024	130385	¥120,000,000
732	05 March 2024	410419	¥120,000,000
733	04 March 2024	142892	¥120,000,000
734	03 March 2024	615907	¥120,000,000
735	02 March 2024	756272	¥120,000,000
736	01 March 2024	837513	¥120,000,000
737	29 February 2024	161887	¥120,000,000
738	28 February 2024	064300	¥120,000,000
739	27 February 2024	586697	¥120,000,000
740	26 February 2024	761992	¥120,000,000
741	25 February 2024	309632	¥120,000,000
742	24 February 2024	983643	¥120,000,000
743	23 February 2024	655804	¥120,000,000
744	22 February 2024	787463	¥120,000,000
745	21 February 2024	833187	¥120,000,000
746	20 February 2024	639735	¥120,000,000
747	19 February 2024	712721	¥120,000,000
748	18 February 2024	490755	¥120,000,000
749	17 February 2024	470540	¥120,000,000
750	16 February 2024	004668	¥120,000,000
751	15 February 2024	795171	¥120,000,000
752	14 February 2024	826121	¥120,000,000
753	13 February 2024	638244	¥120,000,000
754	12 February 2024	425906	¥120,000,000
755	11 February 2024	372616	¥120,000,000
756	10 February 2024	866107	¥120,000,000
757	09 February 2024	647329	¥120,000,000
758	08 February 2024	780272	¥120,000,000
759	07 February 2024	568001	¥120,000,000
760	06 February 2024	178895	¥120,000,000
761	05 February 2024	821168	¥120,000,000
762	04 February 2024	498646	¥120,000,000
763	03 February 2024	049520	¥120,000,000
764	02 February 2024	398634	¥120,000,000
765	01 February 2024	680343	¥120,000,000
766	31 January 2024	424125	¥120,000,000
767	30 January 2024	676461	¥120,000,000
768	29 January 2024	400724	¥120,000,000
769	28 January 2024	362181	¥120,000,000
770	27 January 2024	170989	¥120,000,000
771	26 January 2024	952443	¥120,000,000
772	25 January 2024	466592	¥120,000,000
773	24 January 2024	006648	¥120,000,000
774	23 January 2024	595420	¥120,000,000
775	22 January 2024	985139	¥120,000,000
776	21 January 2024	316274	¥120,000,000
777	20 January 2024	795810	¥120,000,000
778	19 January 2024	032901	¥120,000,000
779	18 January 2024	592267	¥120,000,000
780	17 January 2024	983691	¥120,000,000
781	16 January 2024	941126	¥120,000,000
782	15 January 2024	460715	¥120,000,000
783	14 January 2024	194374	¥120,000,000
784	13 January 2024	682335	¥120,000,000
785	12 January 2024	146459	¥120,000,000
786	11 January 2024	239795	¥120,000,000
787	10 January 2024	390934	¥120,000,000
788	09 January 2024	826566	¥120,000,000
789	08 January 2024	395125	¥120,000,000
790	07 January 2024	143024	¥120,000,000
791	06 January 2024	960983	¥120,000,000
792	05 January 2024	561719	¥120,000,000
793	04 January 2024	808542	¥120,000,000
794	03 January 2024	086379	¥120,000,000
795	02 January 2024	211721	¥120,000,000
796	01 January 2024	657053	¥120,000,000
797	31 December 2023	910812	¥120,000,000
798	30 December 2023	893121	¥120,000,000
799	29 December 2023	057497	¥120,000,000
800	28 December 2023	701870	¥120,000,000
801	27 December 2023	623429	¥120,000,000
802	26 December 2023	505876	¥120,000,000
803	25 December 2023	296437	¥120,000,000
804	24 December 2023	396005	¥120,000,000
805	23 December 2023	784549	¥120,000,000
806	22 December 2023	707499	¥120,000,000
807	21 December 2023	534613	¥120,000,000
808	20 December 2023	748149	¥120,000,000
809	19 December 2023	024587	¥120,000,000
810	18 December 2023	105282	¥120,000,000
811	17 December 2023	280731	¥120,000,000
812	16 December 2023	767169	¥120,000,000
813	15 December 2023	045274	¥120,000,000
814	14 December 2023	316939	¥120,000,000
815	13 December 2023	580846	¥120,000,000
816	12 December 2023	715964	¥120,000,000
817	11 December 2023	698109	¥120,000,000
818	10 December 2023	372734	¥120,000,000
819	09 December 2023	643870	¥120,000,000
820	08 December 2023	867085	¥120,000,000
821	07 December 2023	704097	¥120,000,000
822	06 December 2023	451104	¥120,000,000
823	05 December 2023	565986	¥120,000,000
824	04 December 2023	943655	¥120,000,000
825	03 December 2023	796430	¥120,000,000
826	02 December 2023	160565	¥120,000,000
827	01 December 2023	217665	¥120,000,000
828	30 November 2023	031716	¥120,000,000
829	29 November 2023	930881	¥120,000,000
830	28 November 2023	752207	¥120,000,000
831	27 November 2023	388512	¥120,000,000
832	26 November 2023	112460	¥120,000,000
833	25 November 2023	152650	¥120,000,000
834	24 November 2023	320049	¥120,000,000
835	23 November 2023	924737	¥120,000,000
836	22 November 2023	756880	¥120,000,000
837	21 November 2023	732397	¥120,000,000
838	20 November 2023	030619	¥120,000,000
839	19 November 2023	927945	¥120,000,000
840	18 November 2023	381959	¥120,000,000
841	17 November 2023	074666	¥120,000,000
842	16 November 2023	024719	¥120,000,000
843	15 November 2023	657393	¥120,000,000
844	14 November 2023	282015	¥120,000,000
845	13 November 2023	731893	¥120,000,000
846	12 November 2023	343325	¥120,000,000
847	11 November 2023	637616	¥120,000,000
848	10 November 2023	015287	¥120,000,000
849	09 November 2023	938736	¥120,000,000
850	08 November 2023	876809	¥120,000,000
851	07 November 2023	986496	¥120,000,000
852	06 November 2023	285033	¥120,000,000
853	05 November 2023	970247	¥120,000,000
854	04 November 2023	434062	¥120,000,000
855	03 November 2023	915265	¥120,000,000
856	02 November 2023	379414	¥120,000,000
857	01 November 2023	778869	¥120,000,000
858	31 October 2023	623365	¥120,000,000
859	30 October 2023	988436	¥120,000,000
860	29 October 2023	228604	¥120,000,000
861	28 October 2023	534900	¥120,000,000
862	27 October 2023	412429	¥120,000,000
863	26 October 2023	717686	¥120,000,000
864	25 October 2023	321055	¥120,000,000
865	24 October 2023	078198	¥120,000,000
866	23 October 2023	810715	¥120,000,000
867	22 October 2023	266541	¥120,000,000
868	21 October 2023	917296	¥120,000,000
869	20 October 2023	783260	¥120,000,000
870	19 October 2023	201797	¥120,000,000
871	18 October 2023	581756	¥120,000,000
872	17 October 2023	213385	¥120,000,000
873	16 October 2023	860525	¥120,000,000
874	15 October 2023	983683	¥120,000,000
875	14 October 2023	902627	¥120,000,000
876	13 October 2023	384455	¥120,000,000
877	12 October 2023	199479	¥120,000,000
878	11 October 2023	583929	¥120,000,000
879	10 October 2023	268185	¥120,000,000
880	09 October 2023	418322	¥120,000,000
881	08 October 2023	793765	¥120,000,000
882	07 October 2023	035673	¥120,000,000
883	06 October 2023	692636	¥120,000,000
884	05 October 2023	265938	¥120,000,000
885	04 October 2023	530775	¥120,000,000
886	03 October 2023	127554	¥120,000,000
887	02 October 2023	031688	¥120,000,000
888	01 October 2023	164753	¥120,000,000
889	30 September 2023	371327	¥120,000,000
890	29 September 2023	388114	¥120,000,000
891	28 September 2023	559887	¥120,000,000
892	27 September 2023	978494	¥120,000,000
893	26 September 2023	156464	¥120,000,000
894	25 September 2023	074628	¥120,000,000
895	24 September 2023	253067	¥120,000,000
896	23 September 2023	382279	¥120,000,000
897	22 September 2023	219303	¥120,000,000
898	21 September 2023	514065	¥120,000,000
899	20 September 2023	672830	¥120,000,000
900	19 September 2023	465343	¥120,000,000
901	18 September 2023	843296	¥120,000,000
902	17 September 2023	375059	¥120,000,000
903	16 September 2023	487980	¥120,000,000
904	15 September 2023	901483	¥120,000,000
905	14 September 2023	281628	¥120,000,000
906	13 September 2023	435795	¥120,000,000
907	12 September 2023	218588	¥120,000,000
908	11 September 2023	135279	¥120,000,000
909	10 September 2023	346959	¥120,000,000
910	09 September 2023	023213	¥120,000,000
911	08 September 2023	012016	¥120,000,000
912	07 September 2023	159233	¥120,000,000
913	06 September 2023	970465	¥120,000,000
914	05 September 2023	485708	¥120,000,000
915	04 September 2023	780951	¥120,000,000
916	03 September 2023	316449	¥120,000,000
917	02 September 2023	867533	¥120,000,000
918	01 September 2023	127360	¥120,000,000
919	31 August 2023	542504	¥120,000,000
920	30 August 2023	284895	¥120,000,000
921	29 August 2023	608723	¥120,000,000
922	28 August 2023	753942	¥120,000,000
923	27 August 2023	945288	¥120,000,000
924	26 August 2023	081675	¥120,000,000
925	25 August 2023	394011	¥120,000,000
926	24 August 2023	978117	¥120,000,000
927	23 August 2023	435903	¥120,000,000
928	22 August 2023	961270	¥120,000,000
929	21 August 2023	870433	¥120,000,000
930	20 August 2023	028496	¥120,000,000
931	19 August 2023	342920	¥120,000,000
932	18 August 2023	681937	¥120,000,000
933	17 August 2023	457971	¥120,000,000
934	16 August 2023	873293	¥120,000,000
935	15 August 2023	750961	¥120,000,000
936	14 August 2023	924532	¥120,000,000
937	13 August 2023	085194	¥120,000,000
938	12 August 2023	816399	¥120,000,000
939	11 August 2023	078440	¥120,000,000
940	10 August 2023	696040	¥120,000,000
941	09 August 2023	802634	¥120,000,000
942	08 August 2023	162536	¥120,000,000
943	07 August 2023	072662	¥120,000,000
944	06 August 2023	234466	¥120,000,000
945	05 August 2023	913502	¥120,000,000
946	04 August 2023	817252	¥120,000,000
947	03 August 2023	823796	¥120,000,000
948	02 August 2023	130249	¥120,000,000
949	01 August 2023	025096	¥120,000,000
950	31 July 2023	142670	¥120,000,000
951	30 July 2023	267403	¥120,000,000
952	29 July 2023	346427	¥120,000,000
953	28 July 2023	237925	¥120,000,000
954	27 July 2023	093243	¥120,000,000
955	26 July 2023	474022	¥120,000,000
956	25 July 2023	195416	¥120,000,000
957	24 July 2023	030845	¥120,000,000
958	23 July 2023	831607	¥120,000,000
959	22 July 2023	606120	¥120,000,000
960	21 July 2023	049131	¥120,000,000
961	20 July 2023	302538	¥120,000,000
962	19 July 2023	179979	¥120,000,000
963	18 July 2023	649685	¥120,000,000
964	17 July 2023	677681	¥120,000,000
965	16 July 2023	069245	¥120,000,000
966	15 July 2023	258914	¥120,000,000
967	14 July 2023	976201	¥120,000,000
968	13 July 2023	768052	¥120,000,000
969	12 July 2023	007410	¥120,000,000
970	11 July 2023	786015	¥120,000,000
971	10 July 2023	289277	¥120,000,000
972	09 July 2023	016499	¥120,000,000
973	08 July 2023	715674	¥120,000,000
974	07 July 2023	584824	¥120,000,000
975	06 July 2023	301304	¥120,000,000
976	05 July 2023	416280	¥120,000,000
977	04 July 2023	705048	¥120,000,000
978	03 July 2023	510965	¥120,000,000
979	02 July 2023	343946	¥120,000,000
980	01 July 2023	710586	¥120,000,000
981	30 June 2023	708441	¥120,000,000
982	29 June 2023	754718	¥120,000,000
983	28 June 2023	265768	¥120,000,000
984	27 June 2023	120314	¥120,000,000
985	26 June 2023	419973	¥120,000,000
986	25 June 2023	668239	¥120,000,000
987	24 June 2023	236294	¥120,000,000
988	23 June 2023	882193	¥120,000,000
989	22 June 2023	164165	¥120,000,000
990	21 June 2023	392750	¥120,000,000
991	20 June 2023	188542	¥120,000,000
992	19 June 2023	306231	¥120,000,000
993	18 June 2023	921702	¥120,000,000
994	17 June 2023	399381	¥120,000,000
995	16 June 2023	923549	¥120,000,000
996	15 June 2023	513612	¥120,000,000
997	14 June 2023	730328	¥120,000,000
998	13 June 2023	748037	¥120,000,000
999	12 June 2023	875927	¥120,000,000
1000	11 June 2023	129035	¥120,000,000
1001	10 June 2023	699754	¥120,000,000
1002	09 June 2023	944335	¥120,000,000
1003	08 June 2023	878883	¥120,000,000
1004	07 June 2023	643897	¥120,000,000
1005	06 June 2023	834445	¥120,000,000
1006	05 June 2023	388606	¥120,000,000
1007	04 June 2023	931839	¥120,000,000
1008	03 June 2023	057461	¥120,000,000
1009	02 June 2023	979071	¥120,000,000
1010	01 June 2023	250641	¥120,000,000
1011	31 May 2023	525474	¥120,000,000
1012	30 May 2023	695780	¥120,000,000
1013	29 May 2023	911447	¥120,000,000
1014	28 May 2023	147003	¥120,000,000
1015	27 May 2023	543106	¥120,000,000
1016	26 May 2023	568545	¥120,000,000
1017	25 May 2023	456569	¥120,000,000
1018	24 May 2023	549448	¥120,000,000
1019	23 May 2023	882961	¥120,000,000
1020	22 May 2023	914021	¥120,000,000
1021	21 May 2023	871504	¥120,000,000
1022	20 May 2023	706120	¥120,000,000
1023	19 May 2023	652966	¥120,000,000
1024	18 May 2023	409888	¥120,000,000
1025	17 May 2023	533426	¥120,000,000
1026	16 May 2023	276308	¥120,000,000
1027	15 May 2023	484172	¥120,000,000
1028	14 May 2023	098561	¥120,000,000
1029	13 May 2023	231824	¥120,000,000
1030	12 May 2023	752855	¥120,000,000
1031	11 May 2023	847701	¥120,000,000
1032	10 May 2023	873445	¥120,000,000
1033	09 May 2023	559164	¥120,000,000
1034	08 May 2023	274833	¥120,000,000
1035	07 May 2023	972248	¥120,000,000
1036	06 May 2023	519592	¥120,000,000
1037	05 May 2023	018924	¥120,000,000
1038	04 May 2023	647574	¥120,000,000
1039	03 May 2023	727463	¥120,000,000
1040	02 May 2023	027735	¥120,000,000
1041	01 May 2023	536251	¥120,000,000
1042	30 April 2023	577569	¥120,000,000
1043	29 April 2023	921562	¥120,000,000
1044	28 April 2023	584087	¥120,000,000
1045	27 April 2023	392884	¥120,000,000
1046	26 April 2023	759221	¥120,000,000
1047	25 April 2023	608137	¥120,000,000
1048	24 April 2023	638709	¥120,000,000
1049	23 April 2023	130638	¥120,000,000
1050	22 April 2023	739599	¥120,000,000
1051	21 April 2023	278146	¥120,000,000
1052	20 April 2023	406226	¥120,000,000
1053	19 April 2023	367817	¥120,000,000
1054	18 April 2023	194556	¥120,000,000
1055	17 April 2023	981667	¥120,000,000
1056	16 April 2023	433114	¥120,000,000
1057	15 April 2023	898256	¥120,000,000
1058	14 April 2023	761374	¥120,000,000
1059	13 April 2023	607352	¥120,000,000
1060	12 April 2023	705899	¥120,000,000
1061	11 April 2023	712718	¥120,000,000
1062	10 April 2023	405367	¥120,000,000
1063	09 April 2023	987178	¥120,000,000
1064	08 April 2023	641844	¥120,000,000
1065	07 April 2023	994021	¥120,000,000
1066	06 April 2023	811103	¥120,000,000
1067	05 April 2023	772853	¥120,000,000
1068	04 April 2023	442129	¥120,000,000
1069	03 April 2023	715808	¥120,000,000
1070	02 April 2023	712971	¥120,000,000
1071	01 April 2023	357068	¥120,000,000
1072	31 March 2023	794699	¥120,000,000
1073	30 March 2023	156065	¥120,000,000
1074	29 March 2023	102693	¥120,000,000
1075	28 March 2023	912183	¥120,000,000
1076	27 March 2023	250195	¥120,000,000
1077	26 March 2023	615776	¥120,000,000
1078	25 March 2023	741681	¥120,000,000
1079	24 March 2023	081143	¥120,000,000
1080	23 March 2023	499691	¥120,000,000
1081	22 March 2023	219385	¥120,000,000
1082	21 March 2023	566682	¥120,000,000
1083	20 March 2023	792240	¥120,000,000
1084	19 March 2023	631144	¥120,000,000
1085	18 March 2023	472305	¥120,000,000
1086	17 March 2023	436969	¥120,000,000
1087	16 March 2023	813136	¥120,000,000
1088	15 March 2023	755117	¥120,000,000
1089	14 March 2023	981255	¥120,000,000
1090	13 March 2023	537906	¥120,000,000
1091	12 March 2023	074367	¥120,000,000
1092	11 March 2023	338526	¥120,000,000
1093	10 March 2023	695273	¥120,000,000
1094	09 March 2023	954858	¥120,000,000
1095	08 March 2023	741302	¥120,000,000
1096	07 March 2023	277747	¥120,000,000
1097	06 March 2023	334218	¥120,000,000
1098	05 March 2023	354004	¥120,000,000
1099	04 March 2023	500621	¥120,000,000
1100	03 March 2023	597951	¥120,000,000
1101	02 March 2023	593957	¥120,000,000
1102	01 March 2023	888447	¥120,000,000
1103	28 February 2023	039015	¥120,000,000
1104	27 February 2023	666037	¥120,000,000
1105	26 February 2023	379825	¥120,000,000
1106	25 February 2023	983066	¥120,000,000
1107	24 February 2023	946960	¥120,000,000
1108	23 February 2023	060343	¥120,000,000
1109	22 February 2023	581113	¥120,000,000
1110	21 February 2023	113383	¥120,000,000
1111	20 February 2023	727927	¥120,000,000
1112	19 February 2023	106957	¥120,000,000
1113	18 February 2023	032098	¥120,000,000
1114	17 February 2023	168724	¥120,000,000
1115	16 February 2023	942628	¥120,000,000
1116	15 February 2023	679746	¥120,000,000
1117	14 February 2023	730810	¥120,000,000
1118	13 February 2023	739751	¥120,000,000
1119	12 February 2023	004263	¥120,000,000
1120	11 February 2023	615874	¥120,000,000
1121	10 February 2023	396259	¥120,000,000
1122	09 February 2023	025024	¥120,000,000
1123	08 February 2023	113190	¥120,000,000
1124	07 February 2023	597193	¥120,000,000
1125	06 February 2023	889475	¥120,000,000
1126	05 February 2023	002382	¥120,000,000
1127	04 February 2023	377290	¥120,000,000
1128	03 February 2023	424519	¥120,000,000
1129	02 February 2023	089423	¥120,000,000
1130	01 February 2023	140565	¥120,000,000
1131	31 January 2023	977194	¥120,000,000
1132	30 January 2023	856432	¥120,000,000
1133	29 January 2023	320149	¥120,000,000
1134	28 January 2023	455218	¥120,000,000
1135	27 January 2023	550037	¥120,000,000
1136	26 January 2023	814868	¥120,000,000
1137	25 January 2023	473236	¥120,000,000
1138	24 January 2023	487112	¥120,000,000
1139	23 January 2023	840302	¥120,000,000
1140	22 January 2023	351043	¥120,000,000
1141	21 January 2023	085465	¥120,000,000
1142	20 January 2023	793587	¥120,000,000
1143	19 January 2023	702716	¥120,000,000
1144	18 January 2023	569301	¥120,000,000
1145	17 January 2023	849681	¥120,000,000
1146	16 January 2023	843321	¥120,000,000
1147	15 January 2023	149130	¥120,000,000
1148	14 January 2023	012019	¥120,000,000
1149	13 January 2023	665208	¥120,000,000
1150	12 January 2023	926381	¥120,000,000
1151	11 January 2023	641065	¥120,000,000
1152	10 January 2023	050972	¥120,000,000
1153	09 January 2023	487597	¥120,000,000
1154	08 January 2023	507100	¥120,000,000
1155	07 January 2023	151357	¥120,000,000
1156	06 January 2023	238314	¥120,000,000
1157	05 January 2023	501974	¥120,000,000
1158	04 January 2023	848277	¥120,000,000
1159	03 January 2023	462140	¥120,000,000
1160	02 January 2023	487414	¥120,000,000
1161	01 January 2023	226919	¥120,000,000
1162	31 December 2022	417291	¥120,000,000
1163	30 December 2022	652084	¥120,000,000
1164	29 December 2022	847409	¥120,000,000
1165	28 December 2022	179980	¥120,000,000
1166	27 December 2022	862071	¥120,000,000
1167	26 December 2022	075253	¥120,000,000
1168	25 December 2022	436572	¥120,000,000
1169	24 December 2022	536768	¥120,000,000
1170	23 December 2022	227627	¥120,000,000
1171	22 December 2022	950817	¥120,000,000
1172	21 December 2022	154757	¥120,000,000
1173	20 December 2022	272240	¥120,000,000
1174	19 December 2022	355739	¥120,000,000
1175	18 December 2022	344117	¥120,000,000
1176	17 December 2022	321754	¥120,000,000
1177	16 December 2022	266704	¥120,000,000
1178	15 December 2022	141609	¥120,000,000
1179	14 December 2022	546382	¥120,000,000
1180	13 December 2022	335498	¥120,000,000
1181	12 December 2022	918075	¥120,000,000
1182	11 December 2022	013553	¥120,000,000
1183	10 December 2022	827334	¥120,000,000
1184	09 December 2022	975905	¥120,000,000
1185	08 December 2022	938409	¥120,000,000
1186	07 December 2022	467594	¥120,000,000
1187	06 December 2022	336586	¥120,000,000
1188	05 December 2022	370129	¥120,000,000
1189	04 December 2022	065652	¥120,000,000
1190	03 December 2022	727587	¥120,000,000
1191	02 December 2022	536351	¥120,000,000
1192	01 December 2022	503748	¥120,000,000
1193	30 November 2022	881056	¥120,000,000
1194	29 November 2022	800641	¥120,000,000
1195	28 November 2022	828707	¥120,000,000
1196	27 November 2022	058883	¥120,000,000
1197	26 November 2022	252239	¥120,000,000
1198	25 November 2022	113974	¥120,000,000
1199	24 November 2022	910365	¥120,000,000
1200	23 November 2022	115030	¥120,000,000
1201	22 November 2022	248188	¥120,000,000
1202	21 November 2022	431692	¥120,000,000
1203	20 November 2022	989183	¥120,000,000
1204	19 November 2022	234711	¥120,000,000
1205	18 November 2022	235556	¥120,000,000
1206	17 November 2022	016391	¥120,000,000
1207	16 November 2022	839162	¥120,000,000
1208	15 November 2022	965834	¥120,000,000
1209	14 November 2022	927294	¥120,000,000
1210	13 November 2022	671538	¥120,000,000
1211	12 November 2022	131784	¥120,000,000
1212	11 November 2022	232413	¥120,000,000
1213	10 November 2022	284107	¥120,000,000
1214	09 November 2022	701638	¥120,000,000
1215	08 November 2022	882098	¥120,000,000
1216	07 November 2022	630696	¥120,000,000
1217	06 November 2022	934191	¥120,000,000
1218	05 November 2022	044448	¥120,000,000
1219	04 November 2022	152602	¥120,000,000
1220	03 November 2022	025617	¥120,000,000
1221	02 November 2022	280615	¥120,000,000
1222	01 November 2022	212657	¥120,000,000
1223	31 October 2022	885996	¥120,000,000
1224	30 October 2022	053930	¥120,000,000
1225	29 October 2022	593142	¥120,000,000
1226	28 October 2022	646734	¥120,000,000
1227	27 October 2022	320505	¥120,000,000
1228	26 October 2022	252492	¥120,000,000
1229	25 October 2022	570609	¥120,000,000
1230	24 October 2022	955850	¥120,000,000
1231	23 October 2022	725933	¥120,000,000
1232	22 October 2022	242554	¥120,000,000
1233	21 October 2022	001671	¥120,000,000
1234	20 October 2022	194354	¥120,000,000
1235	19 October 2022	066242	¥120,000,000
1236	18 October 2022	550105	¥120,000,000
1237	17 October 2022	681047	¥120,000,000
1238	16 October 2022	634399	¥120,000,000
1239	15 October 2022	185931	¥120,000,000
1240	14 October 2022	626594	¥120,000,000
1241	13 October 2022	721838	¥120,000,000
1242	12 October 2022	630530	¥120,000,000
1243	11 October 2022	796031	¥120,000,000
1244	10 October 2022	641558	¥120,000,000
1245	09 October 2022	009770	¥120,000,000
1246	08 October 2022	407587	¥120,000,000
1247	07 October 2022	641243	¥120,000,000
1248	06 October 2022	411328	¥120,000,000
1249	05 October 2022	449219	¥120,000,000
1250	04 October 2022	283686	¥120,000,000
1251	03 October 2022	377844	¥120,000,000
1252	02 October 2022	924369	¥120,000,000
1253	01 October 2022	621576	¥120,000,000
1254	30 September 2022	076511	¥120,000,000
1255	29 September 2022	204515	¥120,000,000
1256	28 September 2022	707433	¥120,000,000
1257	27 September 2022	546801	¥120,000,000
1258	26 September 2022	731752	¥120,000,000
1259	25 September 2022	423122	¥120,000,000
1260	24 September 2022	715637	¥120,000,000
1261	23 September 2022	047608	¥120,000,000
1262	22 September 2022	224147	¥120,000,000
1263	21 September 2022	610522	¥120,000,000
1264	20 September 2022	426601	¥120,000,000
1265	19 September 2022	373539	¥120,000,000
1266	18 September 2022	200844	¥120,000,000
1267	17 September 2022	592701	¥120,000,000
1268	16 September 2022	578408	¥120,000,000
1269	15 September 2022	735630	¥120,000,000
1270	14 September 2022	532089	¥120,000,000
1271	13 September 2022	832946	¥120,000,000
1272	12 September 2022	815763	¥120,000,000
1273	11 September 2022	019010	¥120,000,000
1274	10 September 2022	660313	¥120,000,000
1275	09 September 2022	688671	¥120,000,000
1276	08 September 2022	207102	¥120,000,000
1277	07 September 2022	227304	¥120,000,000
1278	06 September 2022	864338	¥120,000,000
1279	05 September 2022	538136	¥120,000,000
1280	04 September 2022	945923	¥120,000,000
1281	03 September 2022	465161	¥120,000,000
1282	02 September 2022	205299	¥120,000,000
1283	01 September 2022	131179	¥120,000,000
1284	31 August 2022	225509	¥120,000,000
1285	30 August 2022	173011	¥120,000,000
1286	29 August 2022	963908	¥120,000,000
1287	28 August 2022	906494	¥120,000,000
1288	27 August 2022	720050	¥120,000,000
1289	26 August 2022	260758	¥120,000,000
1290	25 August 2022	976117	¥120,000,000
1291	24 August 2022	346761	¥120,000,000
1292	23 August 2022	088299	¥120,000,000
1293	22 August 2022	165246	¥120,000,000
1294	21 August 2022	285192	¥120,000,000
1295	20 August 2022	927955	¥120,000,000
1296	19 August 2022	168054	¥120,000,000
1297	18 August 2022	326077	¥120,000,000
1298	17 August 2022	667241	¥120,000,000
1299	16 August 2022	543432	¥120,000,000
1300	15 August 2022	885940	¥120,000,000
1301	14 August 2022	498212	¥120,000,000
1302	13 August 2022	136508	¥120,000,000
1303	12 August 2022	132505	¥120,000,000
1304	11 August 2022	721907	¥120,000,000
1305	10 August 2022	879447	¥120,000,000
1306	09 August 2022	280145	¥120,000,000
1307	08 August 2022	108266	¥120,000,000
1308	07 August 2022	393577	¥120,000,000
1309	06 August 2022	573200	¥120,000,000
1310	05 August 2022	658326	¥120,000,000
1311	04 August 2022	384654	¥120,000,000
1312	03 August 2022	160321	¥120,000,000
1313	02 August 2022	698090	¥120,000,000
1314	01 August 2022	122151	¥120,000,000
1315	31 July 2022	264012	¥120,000,000
1316	30 July 2022	412958	¥120,000,000
1317	29 July 2022	006718	¥120,000,000
1318	28 July 2022	637559	¥120,000,000
1319	27 July 2022	248339	¥120,000,000
1320	26 July 2022	772245	¥120,000,000
1321	25 July 2022	532776	¥120,000,000
1322	24 July 2022	565008	¥120,000,000
1323	23 July 2022	385173	¥120,000,000
1324	22 July 2022	985203	¥120,000,000
1325	21 July 2022	108338	¥120,000,000
1326	20 July 2022	038980	¥120,000,000
1327	19 July 2022	126560	¥120,000,000
1328	18 July 2022	761073	¥120,000,000
1329	17 July 2022	926847	¥120,000,000
1330	16 July 2022	727733	¥120,000,000
1331	15 July 2022	084984	¥120,000,000
1332	14 July 2022	940407	¥120,000,000
1333	13 July 2022	184810	¥120,000,000
1334	12 July 2022	185805	¥120,000,000
1335	11 July 2022	316072	¥120,000,000
1336	10 July 2022	830317	¥120,000,000
1337	09 July 2022	098347	¥120,000,000
1338	08 July 2022	393075	¥120,000,000
1339	07 July 2022	658680	¥120,000,000
1340	06 July 2022	467399	¥120,000,000
1341	05 July 2022	162314	¥120,000,000
1342	04 July 2022	227674	¥120,000,000
1343	03 July 2022	383216	¥120,000,000
1344	02 July 2022	418494	¥120,000,000
1345	01 July 2022	287253	¥120,000,000
1346	30 June 2022	339114	¥120,000,000
1347	29 June 2022	373659	¥120,000,000
1348	28 June 2022	768220	¥120,000,000
1349	27 June 2022	862146	¥120,000,000
1350	26 June 2022	457657	¥120,000,000
1351	25 June 2022	766952	¥120,000,000
1352	24 June 2022	518730	¥120,000,000
1353	23 June 2022	665854	¥120,000,000
1354	22 June 2022	361825	¥120,000,000
1355	21 June 2022	476753	¥120,000,000
1356	20 June 2022	694895	¥120,000,000
1357	19 June 2022	572903	¥120,000,000
1358	18 June 2022	158700	¥120,000,000
1359	17 June 2022	490395	¥120,000,000
1360	16 June 2022	880519	¥120,000,000
1361	15 June 2022	916008	¥120,000,000
1362	14 June 2022	146861	¥120,000,000
1363	13 June 2022	208205	¥120,000,000
1364	12 June 2022	170734	¥120,000,000
1365	11 June 2022	255493	¥120,000,000
1366	10 June 2022	594011	¥120,000,000
1367	09 June 2022	174785	¥120,000,000
1368	08 June 2022	539483	¥120,000,000
1369	07 June 2022	630327	¥120,000,000
1370	06 June 2022	274134	¥120,000,000
1371	05 June 2022	478375	¥120,000,000
1372	04 June 2022	336143	¥120,000,000
1373	03 June 2022	748251	¥120,000,000
1374	02 June 2022	276398	¥120,000,000
1375	01 June 2022	043462	¥120,000,000
1376	31 May 2022	845943	¥120,000,000
1377	30 May 2022	427234	¥120,000,000
1378	29 May 2022	522745	¥120,000,000
1379	28 May 2022	300061	¥120,000,000
1380	27 May 2022	427132	¥120,000,000
1381	26 May 2022	309982	¥120,000,000
1382	25 May 2022	002465	¥120,000,000
1383	24 May 2022	050086	¥120,000,000
1384	23 May 2022	163556	¥120,000,000
1385	22 May 2022	981129	¥120,000,000
1386	21 May 2022	021356	¥120,000,000
1387	20 May 2022	309957	¥120,000,000
1388	19 May 2022	388719	¥120,000,000
1389	18 May 2022	667294	¥120,000,000
1390	17 May 2022	744881	¥120,000,000
1391	16 May 2022	723593	¥120,000,000
1392	15 May 2022	234148	¥120,000,000
1393	14 May 2022	066719	¥120,000,000
1394	13 May 2022	365186	¥120,000,000
1395	12 May 2022	931085	¥120,000,000
1396	11 May 2022	634974	¥120,000,000
1397	10 May 2022	483704	¥120,000,000
1398	09 May 2022	930690	¥120,000,000
1399	08 May 2022	157420	¥120,000,000
1400	07 May 2022	684093	¥120,000,000
1401	06 May 2022	726041	¥120,000,000
1402	05 May 2022	803223	¥120,000,000
1403	04 May 2022	708447	¥120,000,000
1404	03 May 2022	135708	¥120,000,000
1405	02 May 2022	974596	¥120,000,000
1406	01 May 2022	766315	¥120,000,000
1407	30 April 2022	643985	¥120,000,000
1408	29 April 2022	625743	¥120,000,000
1409	28 April 2022	718349	¥120,000,000
1410	27 April 2022	574112	¥120,000,000
1411	26 April 2022	156736	¥120,000,000
1412	25 April 2022	484103	¥120,000,000
1413	24 April 2022	811795	¥120,000,000
1414	23 April 2022	496238	¥120,000,000
1415	22 April 2022	487365	¥120,000,000
1416	21 April 2022	841168	¥120,000,000
1417	20 April 2022	419578	¥120,000,000
1418	19 April 2022	904356	¥120,000,000
1419	18 April 2022	017142	¥120,000,000
1420	17 April 2022	345399	¥120,000,000
1421	16 April 2022	342622	¥120,000,000
1422	15 April 2022	519204	¥120,000,000
1423	14 April 2022	591361	¥120,000,000
1424	13 April 2022	924981	¥120,000,000
1425	12 April 2022	108169	¥120,000,000
1426	11 April 2022	901154	¥120,000,000
1427	10 April 2022	692771	¥120,000,000
1428	09 April 2022	852345	¥120,000,000
1429	08 April 2022	589615	¥120,000,000
1430	07 April 2022	028234	¥120,000,000
1431	06 April 2022	870567	¥120,000,000
1432	05 April 2022	056941	¥120,000,000
1433	04 April 2022	708994	¥120,000,000
1434	03 April 2022	149963	¥120,000,000
1435	02 April 2022	691722	¥120,000,000
1436	01 April 2022	012339	¥120,000,000
1437	31 March 2022	813767	¥120,000,000
1438	30 March 2022	578436	¥120,000,000
1439	29 March 2022	951772	¥120,000,000
1440	28 March 2022	784517	¥120,000,000
1441	27 March 2022	369286	¥120,000,000
1442	26 March 2022	987135	¥120,000,000
1443	25 March 2022	267856	¥120,000,000
1444	24 March 2022	585734	¥120,000,000
1445	23 March 2022	340683	¥120,000,000
1446	22 March 2022	953166	¥120,000,000
1447	21 March 2022	969220	¥120,000,000
1448	20 March 2022	202936	¥120,000,000
1449	19 March 2022	060247	¥120,000,000
1450	18 March 2022	418429	¥120,000,000
1451	17 March 2022	781006	¥120,000,000
1452	16 March 2022	471331	¥120,000,000
1453	15 March 2022	381426	¥120,000,000
1454	14 March 2022	689194	¥120,000,000
1455	13 March 2022	392027	¥120,000,000
1456	12 March 2022	482399	¥120,000,000
1457	11 March 2022	528030	¥120,000,000
1458	10 March 2022	234726	¥120,000,000
1459	09 March 2022	891149	¥120,000,000
1460	08 March 2022	415708	¥120,000,000
1461	07 March 2022	359057	¥120,000,000
1462	06 March 2022	048233	¥120,000,000
1463	05 March 2022	809192	¥120,000,000
1464	04 March 2022	801151	¥120,000,000
1465	03 March 2022	639254	¥120,000,000
1466	02 March 2022	579663	¥120,000,000
1467	01 March 2022	548526	¥120,000,000
1468	28 February 2022	052259	¥120,000,000
1469	27 February 2022	541872	¥120,000,000
1470	26 February 2022	467604	¥120,000,000
1471	25 February 2022	506531	¥120,000,000
1472	24 February 2022	402697	¥120,000,000
1473	23 February 2022	245953	¥120,000,000
1474	22 February 2022	132017	¥120,000,000
1475	21 February 2022	987332	¥120,000,000
1476	20 February 2022	601580	¥120,000,000
1477	19 February 2022	210631	¥120,000,000
1478	18 February 2022	728876	¥120,000,000
1479	17 February 2022	452408	¥120,000,000
1480	16 February 2022	595627	¥120,000,000
1481	15 February 2022	004846	¥120,000,000
1482	14 February 2022	371240	¥120,000,000
1483	13 February 2022	762659	¥120,000,000
1484	12 February 2022	175002	¥120,000,000
1485	11 February 2022	638983	¥120,000,000
1486	10 February 2022	106020	¥120,000,000
1487	09 February 2022	312340	¥120,000,000
1488	08 February 2022	634658	¥120,000,000
1489	07 February 2022	346936	¥120,000,000
1490	06 February 2022	580081	¥120,000,000
1491	05 February 2022	250591	¥120,000,000
1492	04 February 2022	604932	¥120,000,000
1493	03 February 2022	183452	¥120,000,000
1494	02 February 2022	966401	¥120,000,000
1495	01 February 2022	500169	¥120,000,000
1496	31 January 2022	029353	¥120,000,000
1497	30 January 2022	183423	¥120,000,000
1498	29 January 2022	259780	¥120,000,000
1499	28 January 2022	565703	¥120,000,000
1500	27 January 2022	789695	¥120,000,000
1501	26 January 2022	134503	¥120,000,000
1502	25 January 2022	966874	¥120,000,000
1503	24 January 2022	040537	¥120,000,000
1504	23 January 2022	453410	¥120,000,000
1505	22 January 2022	370084	¥120,000,000
1506	21 January 2022	308155	¥120,000,000
1507	20 January 2022	360689	¥120,000,000
1508	19 January 2022	859925	¥120,000,000
1509	18 January 2022	215506	¥120,000,000
1510	17 January 2022	734260	¥120,000,000
1511	16 January 2022	925811	¥120,000,000
1512	15 January 2022	974926	¥120,000,000
1513	14 January 2022	020485	¥120,000,000
1514	13 January 2022	226011	¥120,000,000
1515	12 January 2022	921894	¥120,000,000
1516	11 January 2022	122807	¥120,000,000
1517	10 January 2022	731997	¥120,000,000
1518	09 January 2022	630086	¥120,000,000
1519	08 January 2022	677513	¥120,000,000
1520	07 January 2022	797867	¥120,000,000
1521	06 January 2022	869021	¥120,000,000
1522	05 January 2022	839671	¥120,000,000
1523	04 January 2022	761138	¥120,000,000
1524	03 January 2022	622539	¥120,000,000
1525	02 January 2022	105650	¥120,000,000
1526	01 January 2022	565739	¥120,000,000
1527	31 December 2021	357282	¥120,000,000
1528	30 December 2021	915677	¥120,000,000
1529	29 December 2021	630619	¥120,000,000
1530	28 December 2021	439511	¥120,000,000
1531	27 December 2021	786559	¥120,000,000
1532	26 December 2021	273598	¥120,000,000
1533	25 December 2021	372835	¥120,000,000
1534	24 December 2021	761938	¥120,000,000
1535	23 December 2021	479305	¥120,000,000
1536	22 December 2021	549909	¥120,000,000
1537	21 December 2021	428297	¥120,000,000
1538	20 December 2021	404705	¥120,000,000
1539	19 December 2021	380132	¥120,000,000
1540	18 December 2021	735660	¥120,000,000
1541	17 December 2021	244030	¥120,000,000
1542	16 December 2021	868720	¥120,000,000
1543	15 December 2021	907846	¥120,000,000
1544	14 December 2021	028995	¥120,000,000
1545	13 December 2021	846060	¥120,000,000
1546	12 December 2021	743312	¥120,000,000
1547	11 December 2021	689326	¥120,000,000
1548	10 December 2021	724468	¥120,000,000
1549	09 December 2021	105243	¥120,000,000
1550	08 December 2021	835818	¥120,000,000
1551	07 December 2021	956031	¥120,000,000
1552	06 December 2021	523282	¥120,000,000
1553	05 December 2021	778328	¥120,000,000
1554	04 December 2021	246338	¥120,000,000
1555	03 December 2021	895787	¥120,000,000
1556	02 December 2021	663102	¥120,000,000
1557	01 December 2021	376715	¥120,000,000
1558	30 November 2021	292952	¥120,000,000
1559	29 November 2021	870980	¥120,000,000
1560	28 November 2021	533457	¥120,000,000
1561	27 November 2021	302674	¥120,000,000
1562	26 November 2021	415061	¥120,000,000
1563	25 November 2021	750279	¥120,000,000
1564	24 November 2021	573793	¥120,000,000
1565	23 November 2021	759296	¥120,000,000
1566	22 November 2021	474138	¥120,000,000
1567	21 November 2021	154184	¥120,000,000
1568	20 November 2021	469309	¥120,000,000
1569	19 November 2021	444769	¥120,000,000
1570	18 November 2021	099124	¥120,000,000
1571	17 November 2021	338306	¥120,000,000
1572	16 November 2021	170380	¥120,000,000
1573	15 November 2021	810369	¥120,000,000
1574	14 November 2021	873097	¥120,000,000
1575	13 November 2021	675948	¥120,000,000
1576	12 November 2021	852909	¥120,000,000
1577	11 November 2021	761848	¥120,000,000
1578	10 November 2021	002882	¥120,000,000
1579	09 November 2021	106032	¥120,000,000
1580	08 November 2021	102389	¥120,000,000
